00000000000000000000000000000000
00000000000000000000000000000000
00000000000000000000000000000000
00000000000000000000000000000000
00000000000000000000000000000000
00000000000000000000000000000000
00000000000000000000000000000000
00100001001000000000001100000011
00000001001100100000000100000011
00000010010000100000000000010100
00000010011100000000000000110011
00000000000000000000000000000000
00000000000000000000000000000000
00100000000100000000001000000000
00010000000000110000001000000000
00000000000000100001000100100000
00000000000100100001000000010000
00000000000000000000000000000000
00000000000000000000000000000000
00010010000100000000000100000000
00100100000001000000001100000000
00100110000001010001010000000000
00000100000000100001000000000000
00000000000000000000000000000000
00000000000000000000000000000000
00010010000000000010001000000010
01010011000000110010011000000010
01000100000000110001010000000001
00100100000100010001000100000000
00000000000000000000000000000000
00000000000000000000000000000000
00000000000000000000000000000000
00000000000000000000000000000000
00000000000000000000000000000000
00000000000000000000000000000000
00000000000000000000000000000000
