00000000000000000000000000000000000000000000000000000000000000000000000000000000000000000000000000000000000000000000000000000000
00000000000000000000000000000000000000000000000000000000000000000000000000000000000000000000000000000000000000000000000000000000
00000000000000000000000000000000000000000000000000000000000000000000000000000000000000000000000000000000000000000000000000000000
00000000000000000000000000000000000000000000000000000000000000000000000000000000000000000000000000000000000000000000000000000000
00000000000000000000000000000000000000000000000000000000000000000000000000000000000000000000000000000000000000000000000000000000
00000000000000000000000000000000000000000000000000000000000000000000000000000000000000000000000000000000000000000000000000000000
00000000000000000000000000000000000000000000000000000000000000000000000000000000000000000000000000000000000000000000000000000000
11111111111111000000000000001010111111111111101111111111111000010000000000001001000000000001000000000000000000101111111111111000
00000000000010011111111111111011111111111110110111111111111011010000000000000100000000000000101100000000000011011111111111111100
00000000000100111111111111110100111111111110011011111111111100010000000000001000000000000000110000000000000100111111111111111000
00000000001010100000000000000010111111111111001111111111111101100000000000001010000000000010000000000000000110110000000000000111
00000000000000000000000000000000000000000000000000000000000000000000000000000000000000000000000000000000000000000000000000000000
00000000000000000000000000000000000000000000000000000000000000000000000000000000000000000000000000000000000000000000000000000000
11111111111110010000000000010101000000000000010011111111111100010000000000000111000000000000111100000000000000100000000000000100
11111111111110110000000000001101111111111111010111111111111100110000000000000001000000000000101011111111111110010000000000000000
00000000000100100000000000000100111111111111100000000000000000111111111111111110000000000000010111111111111100010000000000000010
00000000000011100000000000000011111111111111011000000000000000110000000000000001000000000000010100000000000000010000000000000110
00000000000000000000000000000000000000000000000000000000000000000000000000000000000000000000000000000000000000000000000000000000
00000000000000000000000000000000000000000000000000000000000000000000000000000000000000000000000000000000000000000000000000000000
11111111111111100000000000001100111111111111111011111111111010110000000000000100000000000001011000000000000001001111111111111100
11111111111101100000000000010110111111111110101011111111110100110000000000000011000000000010011111111111111101111111111111110000
11111111111110100000000000011010111111111110001111111111110000000000000000000010000000000011100011111111111100101111111111101010
00000000000001000000000000000000111111111110111011111111111010000000000000000000000000000001100000000000000000001111111111110010
00000000000000000000000000000000000000000000000000000000000000000000000000000000000000000000000000000000000000000000000000000000
00000000000000000000000000000000000000000000000000000000000000000000000000000000000000000000000000000000000000000000000000000000
00000000000000110000000000000001111111111111101011111111111001100000000000000011000000000000110011111111111110011111111111110100
11111111111011110000000000100101111111111111000111111111110001000000000000001110000000000010011011111111111100011111111111110000
11111111111100000000000000011110111111111110111011111111110011000000000000001101000000000010011111111111111110001111111111101110
11111111111111010000000000010001111111111111010111111111110111110000000000001001000000000010001000000000000001111111111111110110
00000000000000000000000000000000000000000000000000000000000000000000000000000000000000000000000000000000000000000000000000000000
00000000000000000000000000000000000000000000000000000000000000000000000000000000000000000000000000000000000000000000000000000000
00000000000000000000000000000000000000000000000000000000000000000000000000000000000000000000000000000000000000000000000000000000
00000000000000000000000000000000000000000000000000000000000000000000000000000000000000000000000000000000000000000000000000000000
00000000000000000000000000000000000000000000000000000000000000000000000000000000000000000000000000000000000000000000000000000000
00000000000000000000000000000000000000000000000000000000000000000000000000000000000000000000000000000000000000000000000000000000
00000000000000000000000000000000000000000000000000000000000000000000000000000000000000000000000000000000000000000000000000000000
