00000000000000000000000000000000000000000000000000000000000000000000000000000000000000000000000000000000000000000000000000000000
00000000000000000000000000000000000000000000000000000000000000000000000000000000000000000000000000000000000000000000000000000000
00000000000000000000000000000000000000000000000000000000000000000000000000000000000000000000000000000000000000000000000000000000
00000000000000000000000000000000000000000000000000000000000000000000000000000000000000000000000000000000000000000000000000000000
00000000000000000000000000000000000000000000000000000000000000000000000000000000000000000000000000000000000000000000000000000000
00000000000000000000000000000000000000000000000000000000000000000000000000000000000000000000000000000000000000000000000000000000
00000000000000000000000000000000000000000000000000000000000000000000000000000000000000000000000000000000000000000000000000000000
11111111111110111111111111101110111111111111011100000000000100111111111111111011000000000000010100000000000110100000000000010000
11111111111011111111111111101000000000000000010011111111111111011111111111111101111111111111111100000000001001110000000000010111
11111111111110101111111111101010000000000000101011111111111101111111111111111000111111111111010100000000001111000000000000011010
00000000000100101111111111111010000000000010000100000000000001011111111111110001111111111111000100000000010011000000000000101011
00000000000000000000000000000000000000000000000000000000000000000000000000000000000000000000000000000000000000000000000000000000
00000000000000000000000000000000000000000000000000000000000000000000000000000000000000000000000000000000000000000000000000000000
00000000000000001111111111111010111111111111110100000000000011010000000000001010000000000000000000000000000000000000000000000110
11111111111010011111111111101000111111111111100000000000000000010000000000010111111111111111110011111111111110100000000000000000
11111111111110111111111111110001000000000000010000000000000001010000000000001000111111111111010111111111111111011111111111111101
11111111111110101111111111110100000000000000100111111111111110110000000000001000111111111111010100000000000001100000000000000011
00000000000000000000000000000000000000000000000000000000000000000000000000000000000000000000000000000000000000000000000000000000
00000000000000000000000000000000000000000000000000000000000000000000000000000000000000000000000000000000000000000000000000000000
00000000000000000000000000000011111111111111010000000000000000100000000000000101000000000000000000000000000100001111111111111010
11111111111000111111111111101011111111111101100011111111111111010000000000100010111111111111101000000000000011101111111111100101
11111111110110001111111111101001111111111100011011111111111111000000000000100100111111111111101100000000000110001111111111010011
11111111111101000000000000000000111111111110010111111111111100000000000000001000111111111111101000000000000110001111111111100010
00000000000000000000000000000000000000000000000000000000000000000000000000000000000000000000000000000000000000000000000000000000
00000000000000000000000000000000000000000000000000000000000000000000000000000000000000000000000000000000000000000000000000000000
11111111111110111111111111111000111111111110101000000000000010011111111111110011000000000000010100000000000100001111111111110011
11111111111010011111111111011101111111111101001100000000000101110000000000011001111111111111110100000000000010101111111111101011
11111111111011101111111111101010111111111101010000000000000001110000000000011101111111111111011100000000000100011111111111100101
11111111111111110000000000000011111111111110011011111111111110110000000000001100111111111111100000000000000111001111111111101001
00000000000000000000000000000000000000000000000000000000000000000000000000000000000000000000000000000000000000000000000000000000
00000000000000000000000000000000000000000000000000000000000000000000000000000000000000000000000000000000000000000000000000000000
00000000000000000000000000000000000000000000000000000000000000000000000000000000000000000000000000000000000000000000000000000000
00000000000000000000000000000000000000000000000000000000000000000000000000000000000000000000000000000000000000000000000000000000
00000000000000000000000000000000000000000000000000000000000000000000000000000000000000000000000000000000000000000000000000000000
00000000000000000000000000000000000000000000000000000000000000000000000000000000000000000000000000000000000000000000000000000000
00000000000000000000000000000000000000000000000000000000000000000000000000000000000000000000000000000000000000000000000000000000
