00000000000000000000000000000000000000000000000000000000000000000000000000000000000000000000000000000000000000000000000000000000
00000000000000000000000000000000000000000000000000000000000000000000000000000000000000000000000000000000000000000000000000000000
00000000000000000000000000000000000000000000000000000000000000000000000000000000000000000000000000000000000000000000000000000000
00000000000000000000000000000000000000000000000000000000000000000000000000000000000000000000000000000000000000000000000000000000
00000000000000000000000000000000000000000000000000000000000000000000000000000000000000000000000000000000000000000000000000000000
00000000000000000000000000000000000000000000000000000000000000000000000000000000000000000000000000000000000000000000000000000000
00000000000000000000000000000000000000000000000000000000000000000000000000000000000000000000000000000000000000000000000000000000
00000000000000111111111111110110000000000001101000000000000000110000000000001010000000000010001100000000000001010000000000001101
11111111111101001111111111111010000000000001101000000000000000010000000000000000000000000000111111111111111110110000000000001011
11111111111011111111111111111001000000000001111100000000000001001111111111111001000000000000111111111111111100110000000000010000
11111111111010111111111111110101000000000010101100000000000010011111111111101101000000000000000011111111111101010000000000001111
00000000000000000000000000000000000000000000000000000000000000000000000000000000000000000000000000000000000000000000000000000000
00000000000000000000000000000000000000000000000000000000000000000000000000000000000000000000000000000000000000000000000000000000
00000000000001101111111111111000000000000000110011111111111110100000000000000110000000000000110100000000000011011111111111111110
11111111111100101111111111111101000000000000011011111111111100010000000000001000000000000000110000000000000101001111111111111001
11111111111001100000000000000100111111111111110111111111111100011111111111111110000000000000010000000000000010110000000000000000
11111111111011110000000000000001000000000000001111111111111100011111111111111011111111111111110100000000000001000000000000000000
00000000000000000000000000000000000000000000000000000000000000000000000000000000000000000000000000000000000000000000000000000000
00000000000000000000000000000000000000000000000000000000000000000000000000000000000000000000000000000000000000000000000000000000
00000000000000111111111111111011000000000001001111111111111111010000000000000110000000000000010100000000000100011111111111111111
11111111111100001111111111111010000000000001110111111111111010100000000000010100000000000001010000000000001100011111111111110110
11111111111010011111111111111100000000000010101011111111110111110000000000011100000000000001100000000000010001001111111111111000
11111111111101100000000000000010000000000001010011111111111100010000000000001000000000000000000000000000000110000000000000000000
00000000000000000000000000000000000000000000000000000000000000000000000000000000000000000000000000000000000000000000000000000000
00000000000000000000000000000000000000000000000000000000000000000000000000000000000000000000000000000000000000000000000000000000
00000000000000010000000000000001000000000001000011111111111101100000000000001100000000000001101000000000000010100000000000010001
11111111111111101111111111110101000000000010000111111111110111010000000000011110000000000011101000000000001100010000000000000111
11111111111111011111111111110110000000000010000011111111111001000000000000011000000000000010011100000000001011111111111111111111
00000000000000111111111111111010000000000001110111111111111011110000000000001010000000000000100100000000000111010000000000000000
00000000000000000000000000000000000000000000000000000000000000000000000000000000000000000000000000000000000000000000000000000000
00000000000000000000000000000000000000000000000000000000000000000000000000000000000000000000000000000000000000000000000000000000
00000000000000000000000000000000000000000000000000000000000000000000000000000000000000000000000000000000000000000000000000000000
00000000000000000000000000000000000000000000000000000000000000000000000000000000000000000000000000000000000000000000000000000000
00000000000000000000000000000000000000000000000000000000000000000000000000000000000000000000000000000000000000000000000000000000
00000000000000000000000000000000000000000000000000000000000000000000000000000000000000000000000000000000000000000000000000000000
00000000000000000000000000000000000000000000000000000000000000000000000000000000000000000000000000000000000000000000000000000000
