00000000000000000000000000000000000000000000000000000000000000000000000000000000000000000000000000000000000000000000000000000000
00000000000000000000000000000000000000000000000000000000000000000000000000000000000000000000000000000000000000000000000000000000
00000000000000000000000000000000000000000000000000000000000000000000000000000000000000000000000000000000000000000000000000000000
00000000000000000000000000000000000000000000000000000000000000000000000000000000000000000000000000000000000000000000000000000000
00000000000000000000000000000000000000000000000000000000000000000000000000000000000000000000000000000000000000000000000000000000
00000000000000000000000000000000000000000000000000000000000000000000000000000000000000000000000000000000000000000000000000000000
00000000000000000000000000000000000000000000000000000000000000000000000000000000000000000000000000000000000000000000000000000000
00000000000001100000000000001010000000000000000011111111111101011111111111111100111111111111011000000000000111000000000000000011
00000000000000000000000000010010000000000000000111111111111010111111111111111110111111111111001011111111111111100000000000000001
00000000000000000000000000010000000000000000000011111111111001000000000000000001111111111111000111111111111111000000000000001011
00000000000010110000000000011011111111111111100111111111111000111111111111111011111111111110111100000000000001100000000000010010
00000000000000000000000000000000000000000000000000000000000000000000000000000000000000000000000000000000000000000000000000000000
00000000000000000000000000000000000000000000000000000000000000000000000000000000000000000000000000000000000000000000000000000000
00000000000011010000000000000110111111111111101000000000000001101111111111111010111111111111110000000000000100101111111111111111
00000000000001010000000000000000000000000000000000000000000001001111111111110100000000000000000011111111111110110000000000000000
00000000000001011111111111110010000000000000001000000000000000111111111111101111000000000000010011111111111110000000000000000100
00000000000010001111111111111110111111111111111000000000000000011111111111110111111111111111101111111111111101001111111111111110
00000000000000000000000000000000000000000000000000000000000000000000000000000000000000000000000000000000000000000000000000000000
00000000000000000000000000000000000000000000000000000000000000000000000000000000000000000000000000000000000000000000000000000000
00000000000010000000000000000000111111111111110000000000000000100000000000000111111111111111100000000000000010010000000000001001
00000000000010101111111111110100111111111111111100000000000010000000000000000010111111111111100011111111111111110000000000010100
00000000000011111111111111101010000000000000000000000000000010110000000000001000111111111110111011111111111111000000000000011000
00000000000001011111111111110000000000000000000000000000000000110000000000010000111111111111001011111111111101000000000000001110
00000000000000000000000000000000000000000000000000000000000000000000000000000000000000000000000000000000000000000000000000000000
00000000000000000000000000000000000000000000000000000000000000000000000000000000000000000000000000000000000000000000000000000000
00000000000010011111111111110010000000000000010000000000000000000000000000000100111111111111000000000000000100011111111111111110
00000000000111011111111111101111111111111111110000000000000100001111111111110111111111111110111000000000001000110000000000000011
00000000000101101111111111110000111111111111101000000000000011100000000000000010111111111111001000000000000100110000000000001110
00000000000100101111111111110111111111111111100000000000000010010000000000001111111111111110111000000000000010000000000000001101
00000000000000000000000000000000000000000000000000000000000000000000000000000000000000000000000000000000000000000000000000000000
00000000000000000000000000000000000000000000000000000000000000000000000000000000000000000000000000000000000000000000000000000000
00000000000000000000000000000000000000000000000000000000000000000000000000000000000000000000000000000000000000000000000000000000
00000000000000000000000000000000000000000000000000000000000000000000000000000000000000000000000000000000000000000000000000000000
00000000000000000000000000000000000000000000000000000000000000000000000000000000000000000000000000000000000000000000000000000000
00000000000000000000000000000000000000000000000000000000000000000000000000000000000000000000000000000000000000000000000000000000
00000000000000000000000000000000000000000000000000000000000000000000000000000000000000000000000000000000000000000000000000000000
