00000000000000000000000000000000000000000000000000000000000000000000000000000000000000000000000000000000000000000000000000000000
00000000000000000000000000000000000000000000000000000000000000000000000000000000000000000000000000000000000000000000000000000000
00000000000000000000000000000000000000000000000000000000000000000000000000000000000000000000000000000000000000000000000000000000
00000000000000000000000000000000000000000000000000000000000000000000000000000000000000000000000000000000000000000000000000000000
00000000000000000000000000000000000000000000000000000000000000000000000000000000000000000000000000000000000000000000000000000000
00000000000000000000000000000000000000000000000000000000000000000000000000000000000000000000000000000000000000000000000000000000
00000000000000000000000000000000000000000000000000000000000000000000000000000000000000000000000000000000000000000000000000000000
00000000000110101111111111101111000000000001001100000000000001000000000000010000000000000000011000000000000001110000000000001111
00000000000001011111111111101010111111111111011111111111111111111111111111111110111111111111101000000000000000110000000000001101
00000000000000111111111111100100111111111111101011111111111110000000000000000010111111111110110100000000000010000000000000010000
11111111111010111111111111100010000000000001001011111111111111000000000000010100111111111101001100000000000010110000000000001001
00000000000000000000000000000000000000000000000000000000000000000000000000000000000000000000000000000000000000000000000000000000
00000000000000000000000000000000000000000000000000000000000000000000000000000000000000000000000000000000000000000000000000000000
00000000000010001111111111111011000000000001000000000000000001110000000000001000000000000000010000000000000000000000000000000110
00000000000010100000000000000000111111111111100100000000000001101111111111111001000000000000100011111111111110100000000000001001
00000000000000110000000000001001000000000000001100000000000000110000000000000010111111111111011111111111111110000000000000000000
11111111111110101111111111111110111111111111101000000000000000011111111111111010111111111111010111111111111110000000000000000000
00000000000000000000000000000000000000000000000000000000000000000000000000000000000000000000000000000000000000000000000000000000
00000000000000000000000000000000000000000000000000000000000000000000000000000000000000000000000000000000000000000000000000000000
00000000000000011111111111101101000000000000100011111111111111000000000000001100000000000000010000000000000010000000000000000011
00000000000100011111111111100101111111111111110011111111111110100000000000001000000000000001010000000000000010000000000000001110
00000000000101001111111111010011111111111111100011111111111101000000000000001111000000000001110000000000000010100000000000001100
00000000000000001111111111100010111111111111010011111111111100000000000000000110000000000000100000000000000010000000000000000000
00000000000000000000000000000000000000000000000000000000000000000000000000000000000000000000000000000000000000000000000000000000
00000000000000000000000000000000000000000000000000000000000000000000000000000000000000000000000000000000000000000000000000000000
00000000000110001111111111101100000000000000101111111111111111000000000000010000000000000000110000000000000000100000000000000001
00000000001101001111111111100101000000000001100100000000000001000000000000010101000000000001111000000000000000000000000000010011
00000000001000111111111111100010000000000000110111111111111110110000000000010000000000000001100000000000000001110000000000010001
00000000000001011111111111011100000000000000011111111111111101000000000000001111000000000000100000000000000010100000000000000100
00000000000000000000000000000000000000000000000000000000000000000000000000000000000000000000000000000000000000000000000000000000
00000000000000000000000000000000000000000000000000000000000000000000000000000000000000000000000000000000000000000000000000000000
00000000000000000000000000000000000000000000000000000000000000000000000000000000000000000000000000000000000000000000000000000000
00000000000000000000000000000000000000000000000000000000000000000000000000000000000000000000000000000000000000000000000000000000
00000000000000000000000000000000000000000000000000000000000000000000000000000000000000000000000000000000000000000000000000000000
00000000000000000000000000000000000000000000000000000000000000000000000000000000000000000000000000000000000000000000000000000000
00000000000000000000000000000000000000000000000000000000000000000000000000000000000000000000000000000000000000000000000000000000
