00000000000000000000000000000000000000000000000000000000000000000000000000000000000000000000000000000000000000000000000000000000
00000000000000000000000000000000000000000000000000000000000000000000000000000000000000000000000000000000000000000000000000000000
00000000000000000000000000000000000000000000000000000000000000000000000000000000000000000000000000000000000000000000000000000000
00000000000000000000000000000000000000000000000000000000000000000000000000000000000000000000000000000000000000000000000000000000
00000000000000000000000000000000000000000000000000000000000000000000000000000000000000000000000000000000000000000000000000000000
00000000000000000000000000000000000000000000000000000000000000000000000000000000000000000000000000000000000000000000000000000000
00000000000000000000000000000000000000000000000000000000000000000000000000000000000000000000000000000000000000000000000000000000
00000000000000110000000000001101111111111111110100000000000010010000000000011001000000000000010011111111111011010000000000000111
11111111111100010000000000000000111111111111100100000000000001100000000000000010000000000000110111111111111010011111111111111110
11111111111010010000000000000111111111111111011000000000000010001111111111111101000000000000101011111111111000001111111111111100
11111111111100010000000000010100111111111110001000000000000100111111111111100010111111111111011111111111110101110000000000000010
00000000000000000000000000000000000000000000000000000000000000000000000000000000000000000000000000000000000000000000000000000000
00000000000000000000000000000000000000000000000000000000000000000000000000000000000000000000000000000000000000000000000000000000
00000000000001000000000000000100111111111111110000000000000001010000000000001001000000000000010011111111111111000000000000000000
11111111111011111111111111111000000000000000000000000000000001010000000000001101000000000001011100000000000000001111111111110001
11111111111011101111111111111110111111111111101100000000000010110000000000000101000000000000110111111111111110111111111111110100
11111111111011111111111111111010111111111111101100000000000001011111111111111010000000000001000111111111111101111111111111110100
00000000000000000000000000000000000000000000000000000000000000000000000000000000000000000000000000000000000000000000000000000000
00000000000000000000000000000000000000000000000000000000000000000000000000000000000000000000000000000000000000000000000000000000
11111111111111000000000000001111000000000000011000000000000000110000000000000001000000000000001011111111111110001111111111110110
11111111110111100000000000010001000000000001010000000000000001110000000000010101000000000001111111111111111110001111111111011000
11111111110100110000000000011110000000000010000100000000000010100000000000011010000000000010110011111111111011111111111111000111
11111111111001100000000000010011000000000001011100000000000000000000000000000000000000000001010011111111111100111111111111100000
00000000000000000000000000000000000000000000000000000000000000000000000000000000000000000000000000000000000000000000000000000000
00000000000000000000000000000000000000000000000000000000000000000000000000000000000000000000000000000000000000000000000000000000
11111111111111100000000000010010000000000001000000000000000001010000000000011001000000000000111011111111111011001111111111111010
11111111111011100000000000010101000000000001010100000000000011010000000000111001000000000010101111111111111010101111111111100110
11111111111001110000000000010111000000000001011100000000000010000000000000100110000000000010001111111111111100001111111111011111
11111111111011110000000000011001000000000001001100000000000000100000000000000100000000000001000111111111111011111111111111100101
00000000000000000000000000000000000000000000000000000000000000000000000000000000000000000000000000000000000000000000000000000000
00000000000000000000000000000000000000000000000000000000000000000000000000000000000000000000000000000000000000000000000000000000
00000000000000000000000000000000000000000000000000000000000000000000000000000000000000000000000000000000000000000000000000000000
00000000000000000000000000000000000000000000000000000000000000000000000000000000000000000000000000000000000000000000000000000000
00000000000000000000000000000000000000000000000000000000000000000000000000000000000000000000000000000000000000000000000000000000
00000000000000000000000000000000000000000000000000000000000000000000000000000000000000000000000000000000000000000000000000000000
00000000000000000000000000000000000000000000000000000000000000000000000000000000000000000000000000000000000000000000000000000000
