00000000000000000000000000000000000000000000000000000000000000000000000000000000000000000000000000000000000000000000000000000000
00000000000000000000000000000000000000000000000000000000000000000000000000000000000000000000000000000000000000000000000000000000
00000000000000000000000000000000000000000000000000000000000000000000000000000000000000000000000000000000000000000000000000000000
00000000000000000000000000000000000000000000000000000000000000000000000000000000000000000000000000000000000000000000000000000000
00000000000000000000000000000000000000000000000000000000000000000000000000000000000000000000000000000000000000000000000000000000
00000000000000000000000000000000000000000000000000000000000000000000000000000000000000000000000000000000000000000000000000000000
00000000000000000000000000000000000000000000000000000000000000000000000000000000000000000000000000000000000000000000000000000000
11111111110111101111111111110111000000000000011000000000000011001111111111111010111111111101110100000000000110010000000000001011
11111111111001001111111111101111111111111111110111111111111111100000000000001100111111111111011111111111111110111111111111111101
11111111111000101111111111101110111111111111110011111111111110000000000000001011111111111111100011111111111110101111111111110101
11111111111100011111111111111101000000000000001100000000000001101111111111111101111111111111010000000000000100101111111111110111
00000000000000000000000000000000000000000000000000000000000000000000000000000000000000000000000000000000000000000000000000000000
00000000000000000000000000000000000000000000000000000000000000000000000000000000000000000000000000000000000000000000000000000000
11111111111100001111111111111010000000000000000000000000000011001111111111111010111111111110111000000000000100100000000000000110
11111111111001101111111111101000111111111111000100000000000010010000000000001111111111111111111111111111111111101111111111111100
11111111111100111111111111111010111111111111110100000000000100000000000000000100000000000000001100000000000001111111111111110111
11111111111101101111111111111010111111111111110100000000000001000000000000000101000000000000100011111111111110101111111111110101
00000000000000000000000000000000000000000000000000000000000000000000000000000000000000000000000000000000000000000000000000000000
00000000000000000000000000000000000000000000000000000000000000000000000000000000000000000000000000000000000000000000000000000000
11111111111110001111111111111101111111111111101011111111111110101111111111111101111111111111011100000000000010010000000000000011
11111111110110011111111111011110111111111110000011111111111101110000000000010010111111111111100100000000000000011111111111111100
11111111110100011111111111011111111111111101110011111111111011110000000000010010111111111111100000000000000000011111111111111100
11111111111101101111111111111010111111111111000111111111111001100000000000000110000000000000100011111111111101001111111111111000
00000000000000000000000000000000000000000000000000000000000000000000000000000000000000000000000000000000000000000000000000000000
00000000000000000000000000000000000000000000000000000000000000000000000000000000000000000000000000000000000000000000000000000000
11111111111010110000000000001000000000000000111000000000000000001111111111110001111111111110101000000000000011110000000000001000
11111111101111001111111111101000111111111111110000000000000011111111111111111000111111111101001000000000001000100000000000001000
11111111110011001111111111100101111111111110111111111111111111010000000000000000111111111110010000000000000100010000000000000000
11111111111011101111111111111010111111111111011011111111111011011111111111111010111111111111011100000000000001001111111111111101
00000000000000000000000000000000000000000000000000000000000000000000000000000000000000000000000000000000000000000000000000000000
00000000000000000000000000000000000000000000000000000000000000000000000000000000000000000000000000000000000000000000000000000000
00000000000000000000000000000000000000000000000000000000000000000000000000000000000000000000000000000000000000000000000000000000
00000000000000000000000000000000000000000000000000000000000000000000000000000000000000000000000000000000000000000000000000000000
00000000000000000000000000000000000000000000000000000000000000000000000000000000000000000000000000000000000000000000000000000000
00000000000000000000000000000000000000000000000000000000000000000000000000000000000000000000000000000000000000000000000000000000
00000000000000000000000000000000000000000000000000000000000000000000000000000000000000000000000000000000000000000000000000000000
