00000000000000000000000000000000000000000000000000000000000000000000000000000000000000000000000000000000000000000000000000000000
00000000000000000000000000000000000000000000000000000000000000000000000000000000000000000000000000000000000000000000000000000000
00000000000000000000000000000000000000000000000000000000000000000000000000000000000000000000000000000000000000000000000000000000
00000000000000000000000000000000000000000000000000000000000000000000000000000000000000000000000000000000000000000000000000000000
00000000000000000000000000000000000000000000000000000000000000000000000000000000000000000000000000000000000000000000000000000000
00000000000000000000000000000000000000000000000000000000000000000000000000000000000000000000000000000000000000000000000000000000
00000000000000000000000000000000000000000000000000000000000000000000000000000000000000000000000000000000000000000000000000000000
00000000000000110000000000001010111111111111111000000000000000010000000000000110111111111111111000000000000101010000000000010100
11111111111101100000000000000110000000000000010000000000000110011111111111111111000000000000101100000000000101000000000000011101
11111111111100110000000000001000111111111111110000000000001000100000000000001001000000000000111000000000000011010000000000101110
11111111111101000000000000001100111111111110101000000000000100100000000000011010000000000000100100000000000110100000000000110001
00000000000000000000000000000000000000000000000000000000000000000000000000000000000000000000000000000000000000000000000000000000
00000000000000000000000000000000000000000000000000000000000000000000000000000000000000000000000000000000000000000000000000000000
00000000000000001111111111111100000000000000000011111111111100100000000000000000111111111111010000000000000011111111111111111101
11111111111010111111111111110100000000000000100100000000000001011111111111110100111111111111111000000000000010001111111111111010
11111111111001101111111111111010000000000000000000000000000001111111111111111101000000000000010111111111111111001111111111111101
11111111111011001111111111111000000000000000011000000000000010101111111111111001000000000000010100000000000000100000000000000011
00000000000000000000000000000000000000000000000000000000000000000000000000000000000000000000000000000000000000000000000000000000
00000000000000000000000000000000000000000000000000000000000000000000000000000000000000000000000000000000000000000000000000000000
00000000000001101111111111111110111111111111110011111111111110010000000000001101111111111111101000000000000000000000000000001010
11111111111100011111111111101110000000000000010000000000000000100000000000001011111111111111100011111111111110010000000000001010
11111111111100001111111111101100000000000000100100000000000001010000000000010011111111111111110011111111111100100000000000010010
11111111111111111111111111111000000000000000010000000000000010100000000000010000000000000000010111111111111011000000000000010100
00000000000000000000000000000000000000000000000000000000000000000000000000000000000000000000000000000000000000000000000000000000
00000000000000000000000000000000000000000000000000000000000000000000000000000000000000000000000000000000000000000000000000000000
00000000000001100000000000001000000000000000100100000000000000100000000000000111000000000000011011111111111111100000000000010000
11111111111101011111111111110100000000000001000111111111111101010000000000000010111111111111000100000000000010010000000000001000
11111111111101111111111111110000000000000000100011111111111110100000000000001100111111111111000111111111111111000000000000001110
00000000000001011111111111110110000000000000000111111111111110100000000000010100111111111111100011111111111101110000000000010100
00000000000000000000000000000000000000000000000000000000000000000000000000000000000000000000000000000000000000000000000000000000
00000000000000000000000000000000000000000000000000000000000000000000000000000000000000000000000000000000000000000000000000000000
00000000000000000000000000000000000000000000000000000000000000000000000000000000000000000000000000000000000000000000000000000000
00000000000000000000000000000000000000000000000000000000000000000000000000000000000000000000000000000000000000000000000000000000
00000000000000000000000000000000000000000000000000000000000000000000000000000000000000000000000000000000000000000000000000000000
00000000000000000000000000000000000000000000000000000000000000000000000000000000000000000000000000000000000000000000000000000000
00000000000000000000000000000000000000000000000000000000000000000000000000000000000000000000000000000000000000000000000000000000
